' '
'LamCon_40N_97W'
  2        33.000        45.000       -97.000       -97.000        40.000
'LamCon_63N_155W'
  2        60.000        70.000      -155.000      -155.000        63.000
'LamCon_21N_157W'
  2        19.000        22.000      -157.000      -157.000        21.000
'LamCon_18N_66W'
  2        17.000        19.000       -66.000       -66.000        18.000
'POLSTE_HEMI'
 6          1.000        45.000       -98.000       -98.000        90.000
' '
'TEST'
'LamCon_40N_97W' -756000.0 -728000.0 108000.0 108000.0 4 6 1
'108NHEMI2'
'POLSTE_HEMI' -10098000.000 -10098000.000    108000.000    108000.000 187 187   1
'1188NHEMI2'
'POLSTE_HEMI'     -10098000.0 -10098000.0 1188000. 1188000.   17   17 1
'12US1'
'LamCon_40N_97W' -2556000.0 -1728000.0 12000.0 12000.0 459 299 1
'12US2'
'LamCon_40N_97W'     -2412000.0 -1620000.0 12000.0 12000.0 396 246 1
'36US3'
'LamCon_40N_97W'  -2952000.000  -2772000.000     36000.000     36000.000 172  148   1
'27AK1'
'LamCon_63N_155W'    -1971000.0 -1701000.0 27000.0 27000.0 146 126 1
'9AK1'
'LamCon_63N_155W'  -1107000.  -1134000.      9000.   9000.  312 252   1
'27HI1'
'LamCon_21N_157W'    -1012500.0 -1012500.0 27000.0 27000.0  75  75 1
'3HI1'
'LamCon_21N_157W'   -391500.   -346500.      3000.   3000.  225 201   1
'9HI1'
'LamCon_21N_157W'   -517500.   -490500.      9000.   9000.  100 100   1
'27PR1'
'LamCon_18N_66W'     -1012500.0 -1012500.0 27000.0 27000.0  75  75 1
'3PR1'
'LamCon_18N_66W'  -274500.   -202500.      3000.   3000.  150 150   1
'9PR1'
'LamCon_18N_66W'  -517500.   -436500.      9000.   9000.  100 100   1
'LISTOS4'
'LamCon_40N_97W'  1140000.   -456000.      4000.   4000.  300 315   1
'4US1'
'LamCon_40N_97W' -2556000.0 -1728000.0  1000.0  1000.0 1377 897 1
' '
